0 0.7762 2.4966 1.0057 4.4479 2.4369 2.6909 3.2103 1.3472 5.4374 4.0538 3.829 2.7529 3.6265 2.203 1.1605 0.6862 3.3508 2.2761 5.4374 4.0538 7.0946
0.6224 0 2.3821 1.4032 4.3334 2.8344 3.0884 3.7625 1.7447 5.3229 4.4513 3.7145 3.2833 3.5121 2.6005 0.353 1.0837 3.2363 2.6735 5.3229 4.4513 6.9969
1.8583 1.6012 0 2.6391 3.9247 4.0703 4.3243 3.3344 2.9805 4.9143 5.6872 3.3059 4.5191 3.1034 3.8364 1.9773 2.3196 2.8276 3.9094 4.9143 5.6872 9.5173
1.5027 1.996 3.7165 0 5.6678 1.9316 2.1856 3.9878 0.2776 6.6573 3.5485 5.0489 2.5143 4.8464 1.6977 2.3721 0.7067 4.5707 1.7707 6.6573 3.5485 6.8559
3.5589 3.3018 2.2552 4.3397 0 5.7709 6.0249 5.035 4.6812 3.4194 7.3878 2.8809 5.6413 0.5451 5.5371 3.3359 4.0202 0.2694 5.6101 3.4194 7.3878 9.0923
2.4738 2.9671 4.6876 1.969 6.6389 0 1.7397 4.9589 1.7936 7.6284 1.7248 6.02 5.5888 5.8175 0.4477 3.3432 2.5181 5.5417 0.6937 7.6284 1.7248 7.4551
2.7277 3.2211 4.9416 2.223 6.8928 1.7397 0 5.2129 2.0476 7.8824 2.4647 6.274 2.0495 6.0715 1.626 3.5972 2.7721 5.7957 1.1328 7.8824 2.4647 5.2395
3.3108 3.7439 4.0483 3.6746 4.9311 5.1058 5.3598 0 4.0161 6.989 6.7227 5.3807 5.5547 5.8105 4.872 4.1199 3.3551 5.5347 4.945 6.989 6.7227 11.592
1.384 1.8774 3.5979 0.2776 5.5491 1.7936 2.0476 3.8692 0 6.5387 3.4299 4.9303 2.2764 4.7278 1.5597 2.2535 1.4284 4.452 1.6328 6.5387 3.4299 6.618
5.0551 4.7981 3.7514 5.836 2.5696 7.2671 7.5211 6.5312 6.1774 0 8.8841 2.0192 5.6603 2.3861 7.0333 4.208 5.1856 2.839 7.1063 0 8.8841 7.5548
4.2521 4.7455 6.4659 3.7996 8.4172 1.7248 2.4674 6.7373 3.6241 9.4067 0 7.7983 4.1773 7.5958 1.9558 5.1215 4.2964 7.3201 2.2019 9.4067 0 6.0435
4.2416 3.9845 2.9379 5.0224 3.0162 6.4536 6.7076 5.7177 5.3639 2.6157 8.0705 0 5.6998 3.4281 6.2197 3.3944 4.3721 2.5514 6.2927 2.6157 8.0705 6.7712
2.7574 3.4151 4.5013 2.507 6.4894 4.373 2.0534 5.4069 2.2692 6.7368 4.23 4.7932 0 6.3003 3.7314 2.9879 2.3066 6.0246 3.8044 6.7368 4.23 4.5089
3.7085 3.4515 2.4048 4.4894 0.7185 5.9205 6.1745 5.1847 4.8308 2.0702 7.5375 3.0306 5.791 0 5.6867 3.4856 4.1699 0.324 5.7597 2.0702 7.5375 9.2419
2.2399 2.7333 4.4537 1.7352 6.405 0.4477 1.626 4.7251 1.5597 7.3945 1.9558 5.7862 3.7386 5.5837 0 3.1093 2.2842 5.3079 0.912 7.3945 1.9558 7.6861
0.9411 0.3671 1.7829 1.722 3.7709 3.1531 3.4071 4.0812 2.0634 4.7604 4.7701 3.1521 2.9903 3.5819 2.9193 0 1.2522 3.3061 2.9923 4.7604 4.7701 6.7913
0.8839 1.4643 3.1847 1.2931 5.136 2.7243 2.9783 3.4561 1.6346 6.1255 4.3412 4.5172 2.1996 4.3147 2.4905 1.1207 0 4.0389 2.5635 6.1255 4.3412 6.5412
3.4328 3.1757 2.1291 4.2136 0.6299 5.6448 5.8988 4.9089 4.5551 2.0725 7.2617 2.7548 5.5152 0.324 5.4109 3.2098 3.8941 0 5.4839 2.0725 7.2617 8.9662
2.3129 2.8063 4.5268 1.8082 6.478 0.6937 1.1328 4.7981 1.6328 7.4676 2.2019 5.8592 3.8116 5.6567 0.912 3.1824 2.3573 5.3809 0 7.4676 2.2019 7.9322
5.0551 4.7981 3.7514 5.836 2.5696 7.2671 7.5211 6.5312 6.1774 0 8.8841 2.0192 5.6603 2.3861 7.0333 4.208 5.1856 2.839 7.1063 0 8.8841 7.5548
4.2521 4.7455 6.4659 3.7996 8.4172 1.7248 2.4674 6.7373 3.6241 9.4067 0 7.7983 4.1773 7.5958 1.9558 5.1215 4.2964 7.3201 2.2019 9.4067 0 6.0435
8.1572 7.0896 6.8034 7.9068 8.154 6.9204 6.2866 9.5832 7.6689 7.2448 6.7775 5.3012 5.567 8.0573 7.1515 6.4972 7.7064 7.6892 7.3975 7.2448 6.7775 0
